180 -20
380 -20
280 -70
300 -590
170 -590
430 -590
230 -720
350 -720
130 -1070
420 -1200
251 -1298
134 -1330
312 -1337
509 -1530
474 -1700
230 -1850
213 -2090
450 -2109
113 -2300
439 -2653
111  -2692
210 -2930
400 -2933
530 -3500
470  -3550
410 -3600
350 -3650
290 -3700 
230 -3750
170 -3800
290 -4200
100 -4600
480 -4600
197 -4977
396 -4977
280 -5800
326	-5840
232 -5840
188	-5880
352 -5880
142 -5920
388 -5920
96  -5960
464 -5960
50	-6000
490	-6000 
103	-6600
536 -6600
20 -6703
480  -6703
103  -7252
103  -7350
524 -8096
524 -8296
290 -8375
290 -8500
290 -8600
290 -8700
290 -8800
290 -8900
94  -9000
194 -9090
294 -9180
394 -9270
494 -9360
594 -9450
497 -9700
70 -9780
100 -10000
400 -10000
250 -10200
350 -10200
50 -10900
50  -10970
50  -11040
510 -10900
510 -10970
510 -11040
90   -11800
200  -11800
310  -11800
420 -11800
530 -11800
200 -12370
400 -12370
200 -12500
400 -12500
213 -13090
113 -13810
439 -13900
120 -14300
50 -14400
190  -14400
400 -14800
320 -14927
480 -14927
40  -15260
490 -15260
100 -15750
500 -15750
160 -16140
440 -16140
220 -16548
380 -16548
250 -16888
350 -16888
270 -17000
310 -17000
290 -17100
290 -17200
290 -17300
290 -17400
70 -18000
